10000
10001
10002
10003
10004
10005
10006
10007
10008
10009
10010
10011
10012
10013
20001
20002
20003
20004
20005
20006
20007
20008
20009
20010
20011
20012
20013
20014
20015
20016
20017
20018
20019
20020
20021
20022
20023
20024
20025
20026
20027
20028
30001
30002
30003
30004
30005
30006
30007
30008
30009
30010
30011
30012
30013
30014
30015
30016
30017
30018
30019
30020
30021
30022
30023
30024
30025
30026
30027
30028
30029
30030
30031
30032
30033
30034
30035
30036
30037
30039
30040
30041
30042
30043
30044
30045
30046
30047
30048
30049
30050
30051
30052
30053
30054
30055
30056
30057
30058
30059
30060
30061
30062
30064
30065
30066
30067
30068
30069
30070
30071
30072
30073
30074
30075
30076
30077
30078
30079
30080
30081
30082
30083
30084
30085
30086
30087
30088
30089
30090
30091
30092
30093
30094
30095
30096
30097
30098
30099
30100
30101
30102
30103
30104
30105
30106
30107
30108
30109
30110
30111
30112
30113
30114
30115
30116
30117
30118
30119
30120
30121
30122
30123
30124
30125
30126
30127
30128
30129
30130
30131
30132
30133
30134
30135
30136
30137
30138
30139
30140
30141
30142
30143
30144
30145
30146
30147
30148
30149
30150
30151
30152
30153
30154
30155
30156
30157
30158
30159
30160
30161
30162
30163
30164
30165
30166
30167
30168
30169
30170
30171
30172
30173
30174
30175
30176
30177
30178
30179
30180
30181
30182
30183
30184
30185
30186
30187
30188
30189
30190
30191
30192
30193
30194
30195
30196
30197
30198
30199
30200
30201
30202
30203
30204
30205
30206
30207
30208
30209
30210
30211
30212
30213
30214
30215
30216
30217
30218
30219
30220
30221
30222
30223
30224
30225
30226
30227
30228
30229
30230
30231
30232
30233
30234
30235
30236
30237
30238
30239
30240
30241
30242
30243
30244
30245
30246
30247
30248
30249
30250
30251
40001
40002
40003
40004
40005
40006
40007
40008
40009
40010
40011
40012
40013
40014
40015
40016
40017
40018
40019
40020
40021
40022
40023
40024
40025
40026
40027
40032
40033
40034
40035
40042
40043
40048
40051
40052
40053
40054
40055
40056
40057
40058
40059
40060
40061
40062
40063
40064
40065
40066
40067
40068
40069
40070
40071
40072
40073
40074
40075
40076
40077
40083
40084
40085
40086
40087
40088
40089
40090
40091
40092
40093
40094
40095
40096
40097
40098
40099
40100
40101
40102
40103
40104
40105
40106
40107
40108
40109
40110
40111
40112
40113
40114
40115
40116
40117
40118
40119
40120
40121
40122
40123
40124
40125
40126
40127
40128
40129
40130
40131
40132
40133
40134
40135
40136
40137
40138
40139
40140
40141
40142
40143
40144
40145
40146
40147
40148
40149
40151
40152
40153
40154
40155
40156
40157
40158
40159
40160
40161
40162
40163
40164
40165
40166
40167
40168
40169
40170
40171
40172
40173
40174
40175
40176
40177
40178
40179
40180
40181
40182
40183
40184
40185
40186
40187
40188
40189
40190
40191
40192
40193
40194
40195
40196
40197
40198
40199
40200
40201
40202
40203
40204
40205
40206
40207
40208
40209
40210
40211
40212
40213
40214
40215
40216
40217
40218
40219
40220
40221
40222
40223
40224
40225
40226
40227
40228
40229
40230
40231
40232
40233
40234
40235
40236
40237
40238
40239
40240
40241
40242
40243
40244
40245
40246
40247
40248
40249
40250
40251
40252
40253
40254
40255
40256
40257
40258
40259
40260
40261
40262
40263
40264
40265
40266
40267
40268
40269
40270
40271
40272
40273
40274
40275
40276
40277
40278
40279
40280
40281
40282
40283
40284
40285
40286
40287
40288
40289
40290
40291
40292
40293
40294
40295
40296
40297
40298
40299
40300
40301
40302
40303
40304
40305
40306
40307
40308
40309
40310
40311
40312
40313
40314
40315
40316
40317
40318
40319
40320
40321
40322
40323
40324
40325
40326
40327
40328
40329
40330
40331
40332
40333
40334
40335
40336
40337
40338
40339
40340
40341
40342
40343
40344
40345
40346
40347
40348
40349
40350
40351
40352
40353
40354
40355
40356
40357
40358
40359
40360
40361
40362
40363
40364
40365
40366
40367
40368
40369
40370
40371
40372
40373
40374
40375
50068
50086
50088
50103
50106
50148
50161
50368
55001
55002
55003
55004
55005
55006
55007
55008
55009
55010
55011
55012
55013
55014
55015
55016
55017
55018
55019
55020
55021
55022
55023
55024
55025
55026
55027
55028
55029
55030
55031
55032
55033
55034
55035
55036
55037
55038
55039
55040
55041
55042
55043
55044
55045
55046
55047
55048
55049
55050
55051
55052
55053
55054
55055
55056
55057
55058
55059
55060
55061
55062
55063
55064
55065
55066
55067
55068
55069
55070
55071
55072
55073
55074
55075
55076
55077
55078
55079
55080
55081
55082
55083
55084
55085
55086
55087
55088
55089
55090
55091
55092
55093
55094
55095
55096
55097
55098
55099
55100
55101
55102
55103
55104
55105
55106
55107
55108
55109
55110
55111
55112
55113
55114
55115
55116
55117
55118
55119
55120
55121
55122
55123
55124
55125
55126
55127
55128
55129
55130
55131
55132
55133
55134
55135
55136
55137
55138
55139
55140
55141
55142
55143
55144
55145
55146
55147
55148
55149
55150
55151
55152
55153
55154
55156
55157
55158
55159
55160
55161
55162
55163
55164
55165
55166
55167
55168
55169
55170
55171
55172
55173
55174
55175
55176
55177
55178
55179
55180
55181
55182
55183
55184
55185
55186
55187
55188
55189
55190
55191
55192
55193
55194
55195
55196
55197
55198
55199
55200
55201
55202
55203
55204
55205
55206
55207
55208
55209
55210
55211
55212
55213
55214
55215
55216
55217
55218
55219
55220
55221
55222
55223
55224
55225
55226
55227
55228
55229
55230
55231
55232
55233
55234
55235
55236
55237
55238
55239
55240
55241
55242
55243
55244
55245
55246
55247
55248
55249
55250
55251
55252
55253
55254
55255
55256
55257
55258
55259
55260
55261
55262
55263
55264
55265
55266
55267
55268
55269
55270
55271
55272
55273
55274
55275
55276
55277
55278
55279
55280
55281
55282
55283
55284
55285
55286
55287
55288
55289
55290
55291
55292
55293
55294
55295
55296
55297
55298
55299
55300
55301
55302
55303
55304
55305
55306
55307
55308
55309
55310
55311
55312
55313
55314
55315
55316
55317
55318
55319
55320
55321
55322
55323
55324
55325
55326
55327
55328
55329
55330
55331
55332
55333
55334
55335
55336
55337
55338
55339
55340
55341
55342
55343
55344
55345
55346
55347
55348
55349
55350
55351
55352
55353
55354
55355
55356
55357
55358
55359
55360
55361
55362
55363
55364
55365
55366
55367
55368
55369
55370
55371
55372
55373
55374
55375
55376
55377
55378
55379
55380
55381
55382
55383
55384
55385
55386
55387
55388
55389
55390
55391
55392
55393
55394
55395
55396
55397
55398
55399
55402
55403
55404
55405
55406
55407
55408
55409
55410
55411
55412
55413
55414
55415
55416
55417
55418
55419
55420
55421
55422
55423
55424
55425
55426
55427
55428
55429
55430
55431
55432
55433
55434
55435
55436
55437
55438
55439
55440
55441
55442
55443
55444
55445
55446
55447
55448
55449
55450
55451
55452
55453
55454
55455
55456
55457
55458
55459
55460
55461
55462
55463
55464
55465
55466
55467
55468
55469
55470
55471
55472
55473
55474
55475
55476
55477
55478
55479
55480
55481
55482
55483
55484
55485
55486
55487
55488
55489
55490
55491
55492
55493
55494
55495
55496
55497
55498
55499
55500
55501
55502
55503
55504
55505
55506
55507
55508
55509
55510
55511
55512
55513
55514
55515
55516
55517
55518
55519
55520
55521
55522
55523
55524
55525
55526
55527
55528
55529
55530
55531
55532
55533
55534
55535
55536
55537
55538
55539
55540
55541
55542
55543
55544
55545
55546
55547
55548
55549
55550
55563
55564
55565
55566
55568
55569
90001
90002
90003
90004
90005
90006
90007
90008
90009
90010
90011
90012
90013
90014
90015
90016
90017
90018
90019
90020
90021
90022
90023
90024
90025
90026
90027
90028
90029
90030
90031
90032
90033
90034
90035
90036
90037
90038
90039
90040
90041
90042
90043
90044
90045
90046
90047
90048
90049
90050
90051
90052
90053
90054
90055
90056
90057
90058
90059
90060
90061
90062
90063
90064
90065
90066
90067
90069
90070
90071
90072
90073
90074
90075
90076
90077
90078
90079
90080
90081
90082
90083
90084
90085
90086
90087
90088
90089
90090
90091
90092
90093
90094
90095
90096
90097
90098
90099
90100
90101
90102
90103
90104
90105
90106
90107
90108
90109
90110
90111
90112
90113
90114
90115
90116
90117
90118
90119
90120
90121
90122
90123
90124
90125
90126
90127
90128
90129
90130
90131
90132
90133
90134
90135
90136
90137
90138
90139
90140
90141
90142
90143
90144
90145
90146
90147
90148
90149
90150
90151
90152
90153
90154
90155
90156
90157
90158
90159
90160
90161
90162
90163
90164
90165
100000
100010
100020
100030
100040
100050
100060
100070
100080
100100
108007
108008
108009
108010
108011
108012
109001
109002
109003
109004
109005
109006
109007
109008
109011
109012
109013
109014
109015
109016
109017
109018
109019
109020
109022
109023
109024
300000
300001
300002
300003
300004
300005
300006
300007
300008
300009
300100
300101
300102
300103
300104
300105
300106
300107
300108
300109
300110
300200
300201
300202
300203
300204
300205
300206
300207
300208
300209
300220
300221
300222
300223
300224
300300
300301
300302
300303
300304
300400
300401
300402
300500
300501
300502
300503
300504
300505
300506
300507
300508
300509
300510
300511
300600
300601
400000
400100
400200
400300
400400
400500
400600
400700
400800
400900
401000
401100
401200
401300
401400
401500
401600
401700
401800
401900
402000
402100
402200
402300
402400
402500
402600
402700
402800
402900
403000
403100
403200
403300
403400
403500
403600
403700
403800
403900
404000
404100
404200
404300
404400
404500
404600
404700
404800
404900
405000
405100
405200
405300
405400
405500
405600
405700
405800
405900
406000
406100
406200
406300
406400
406500
406600
406700
406800
406900
407000
407100
407200
407300
407400
407500
407600
407610
407620
407630
407640
407650
407660
407670
407680
407690
407700
407710
407720
407730
407740
407750
407760
407770
407780
407790
407800
407810
407820
407830
407840
407850
407860
407870
407880
407890
407900
407910
407920
407930
407940
407950
407960
407970
407980
407990
408000
408010
408020
408030
408040
408050
408060
408070
408080
408090
408100
408110
408120
408130
408140
408150
408160
408170
408180
408190
408200
408210
408220
408230
408240
408250
408260
408270
408280
408290
408300
408310
408320
408330
408340
408350
408360
408370
408380
408390
408400
408410
408420
408430
408440
408450
408460
408470
408480
408490
408500
408510
408520
408530
408540
408550
408560
408570
408580
408590
408600
408610
408620
408630
408640
408650
408660
408670
408680
408690
408700
408710
408720
408730
408740
408750
408760
408770
408780
408790
408800
408810
408820
408830
408840
408850
408860
408870
408880
408890
408900
408910
408920
408930
408940
408950
408960
408970
408980
408990
409000
409010
409020
409030
409040
409050
409060
409070
409080
409090
409100
409110
409120
409130
409140
409150
409160
409170
409180
409190
409200
409210
409220
409230
409240
409250
409260
409270
409280
409290
409300
409310
409320
409330
409340
409350
409360
409370
409380
409390
409400
409410
409420
409430
409440
409450
409470
409480
409490
409500
409510
409520
409530
409540
409550
409560
409570
409580
409590
409600
409610
409620
409630
409640
409650
409660
409670
409680
409690
409700
409710
409720
409730
409740
409750
409760
409770
409780
409790
409800
409810
409820
409830
409840
409850
409860
409870
409880
409890
409900
409910
409920
409930
409940
409950
409960
409970
409980
409990
410000
410010
410020
410030
410040
410050
410060
410070
410080
410090
410100
410110
410120
410130
410140
410150
410160
410170
410180
410190
410200
410210
410220
410230
410240
410250
410260
410270
410280
410290
410300
410310
410320
410330
410340
410350
410360
410370
410380
410390
410400
410410
410420
410430
410440
410450
410460
410470
410480
410490
410500
410510
410520
410530
410540
410550
410560
410570
410580
410590
410600
410610
410620
410630
410640
410650
410660
410670
410680
410690
410700
410710
410720
410730
410740
410750
410760
410770
410780
410790
410800
410810
410820
410830
410840
410850
410860
410870
410880
410890
410900
410910
410920
410930
410940
410950
410960
410980
410990
411000
411010
411020
411030
411040
411050
411060
411070
411080
411090
411100
411110
411120
411130
411140
411150
411160
411170
411180
411190
411200
411210
411220
411230
411240
411250
411260
411270
411290
411300
411310
411320
411330
411340
411350
411360
411370
411380
411390
411400
411410
411420
411430
411440
411450
411460
411470
411480
411490
411500
411510
411520
411530
411550
411560
411570
411580
411590
411600
411610
411620
411630
411640
411650
411660
411670
411680
411690
411700
411710
411720
411730
411740
411750
411760
411770
411780
411790
411800
411810
411820
411830
411840
411850
411860
411870
411880
411890
411900
411910
411920
411930
411940
411960
411970
411980
411990
412000
412010
412020
412030
412040
412050
412060
412070
412080
412090
412100
412110
412120
412130
412140
412150
412160
412170
412180
412190
412200
412210
412220
412230
412240
412250
412260
412270
412280
412290
412300
412310
412320
412330
412340
412350
412360
412370
412380
412390
412400
412410
412420
412430
412440
412450
412460
412470
412480
412490
412500
412510
412520
412530
412540
412550
412560
412570
412580
412590
412600
412610
412620
412630
412640
412650
412660
412670
412680
412690
412700
412710
412720
412730
412740
412750
412760
412770
412780
412790
412800
412810
412820
412830
412840
412850
412860
412870
412880
412890
412900
412910
412920
412930
412940
412950
412960
412970
412980
412990
413000
413010
413020
413030
413040
413050
413060
413070
413080
413090
413100
413110
413120
413130
413140
413150
413170
413180
413190
413200
413210
413220
413230
413240
413250
413260
413270
413280
413290
413300
413310
413320
413330
413340
413350
413360
413370
413390
413400
413410
413420
413430
413440
413450
413460
413470
413480
413490
413500
413510
413520
413530
413540
413550
413560
413570
413580
413590
413600
413610
413620
413630
413640
413650
413660
413670
413680
413690
413700
413710
413720
413730
413740
413750
413760
413770
413780
413790
413830
413840
413850
413860
413870
413880
413890
413900
413910
413920
413930
413940
413950
413960
413970
413980
413990
414000
414010
414020
414030
414040
414050
414060
414070
414080
414090
414100
414110
414120
414130
414140
414150
414160
414170
414180
414190
414200
414210
414220
414230
414240
414250
414260
414270
414280
414290
414300
414310
414320
414330
414340
414350
414360
414370
414380
414390
414400
414410
414420
414430
414440
414450
414460
414470
414480
414490
414500
414510
414520
414530
414540
414550
414560
414570
414580
414590
414600
414610
414620
414630
414640
414650
414660
414670
414710
414720
414730
414740
414750
414760
414770
414780
414790
414800
414810
414820
414830
414840
414850
414860
414870
414880
414890
414900
414910
414920
414930
414940
414950
414960
414970
414980
414990
415000
415010
415020
415030
415040
415050
415060
415070
415080
415090
415100
415110
415120
415130
415140
415150
415160
415170
415180
415190
415200
415210
415220
415230
415240
415260
415270
415280
415290
415300
415310
415320
415390
415400
415410
930042
930092
930099
930122
930123
940051
940052
940054
940057
940058
940085
940086
940102
940103
940105
940106
940111
940112
940147
940148
940149
940160
940161
940208
940209
940210
940213
940214
940219
940220
940225
940226
940228
940229
940231
940232
940240
940241
940242
940243
940244
940245
940252
940253
940254
940255
940262
940263
940264
940265
940266
940267
940268
940282
940283
940288
940289
940290
940291
940292
940300
940301
940355
940356
940357
940358
955001
955002
955003
955005
955006
955007
955008
955009
955010
955011
955012
955013
955014
955015
955016
955019
955028
955029
955030
955031
955032
955033
955039
955042
955043
955045
955046
955049
955050
955053
955057
955058
955138
955139
955148
955149
955157
955158
955166
955167
955168
955169
955175
955176
955177
955178
955196
955197
955198
955199
955206
955207
955319
955327
955328
955329
955336
955337
955339
955340
955342
955343
955355
955356
955358
955359
955360
955377
955387
955395
955396
955509
955510
955511
955512
955513
955514
955529
955536
955538
955540
