1
10
100
101
102
103
104
105
106
107
11
12
13
14
140
15
16
17
18
19
19san1
19san22
2
20
200
200504
200509
200703
200706
200708
200713
200803
200805
20080502
200820
200852
201
201101
201105
201212
201226
202
203
204
205
206
207
208
209
21
210
210114
210121
210122
210151
210207
210212
2104203
2104207
210426
210505
210552
210680
210686
2107200
2107201
210818
2108204
2108205
210824
210832
210851
2109100
2109101
2109102
2109103
211
211010
211016
211031
211033
211036
211037
211201
211207
2112216
211281
211288
212
213
214
215
216
217
218
219
22
220
220282
220287
220322
220715
220717
220719
2207208
2207209
2207218
220729
220754
2208202
2208206
2208217
221
221002
221021
221023
221028
221033
221034
221053
221070
2211210
2211214
221130
222
223
225
226
227
228
229
23
2301213
2301250
230301
230312
230313
230314
230315
230316
230317
230318
230319
230320
2303200
2303201
2303201_2
2303202
2303203
2303204
2303205
2303206
2303207
2303208
2303209
230321
2303210
2303211
2303213
2303214
2303216
2303217
2303218
2303219
2303219_2
230322
2303220
230323
230324
2303250
2303251
2303252
2303253
2303254
230326
230328
230329
230330
230331
230332
230333
230334
230335
230336
230337
230351
230352
230353
230354
230370
230524_3
2305253
2306256
2307280_2
2307281_2
2307282_2
2307283_2
2307284
2307286
2308220
2308222
2308254
230835
2311202
2311210
23114
2312217
231252
24
240122
240780
240805
2408223
240886
241119
241205
2412221
241226
2412380_2
2412381_2
2412382_2
2412383_2
25
250
2501225
2502300
2502301
250601
250605
2506207
2508400
251
252
253
254
255
256
26
27
270
271
272
28
280
281
282
283
284
285
286
287
29
290
291
292
3
30
300
301
302
303
304
305
31
310
311
312
313
314
315
32
320
321
322
323
33
330
331
34
340
341
35
350
351
352
353
354
355
36
360
361
362
363
37
370
371
372
373
380
381
382
383
390
391
392
393
4
400
401
402
403
5
500
51
52
53
54
6
7
70
8
80
81
82
83
84
85
86
87
88
89
9
90
91
92
